(
20(
    10(
        8(
            7(
                4(
                )(
                    6(
                        5(
                        )(
                        )
                    )(
                    )
                )
            )(
            )
        )(
            9(
            )(
            )
        )
    )(
        15(
        )(
        )
    )
)(
    22(
        21(
        )(
        )
    )(
        24(
            23(
            )(
            )
        )(
            26(
            )(
            )
        )
    )
)